28 0.16953125 0.1109375 0.01015625 0.03046875
31 0.1921875 0.1109375 0.01171875 0.0296875
29 0.1546875 0.2015625 0.0125 0.03515625
6 0.178125 0.20078125 0.00859375 0.03671875
2 0.62734375 0.671875 0.01015625 0.03359375
3 0.653125 0.67578125 0.01015625 0.034375
18 0.67734375 0.6765625 0.01015625 0.02890625
4 0.70078125 0.67421875 0.0109375 0.03203125
8 0.72578125 0.6734375 0.00859375 0.03515625
32 0.259375 0.2046875 0.0109375 0.03359375
48 0.2828125 0.20234375 0.0109375 0.03203125
34 0.309375 0.2015625 0.01015625 0.03125
25 0.3328125 0.2015625 0.01015625 0.034375
20 0.3578125 0.2046875 0.0109375 0.03359375