43 0.259375 0.671875 0.01015625 0.03515625
34 0.2859375 0.67421875 0.01015625 0.0296875
33 0.30859375 0.67421875 0.01015625 0.03203125
17 0.33359375 0.67578125 0.0125 0.03515625
26 0.35859375 0.67421875 0.0109375 0.03828125
42 0.628125 0.2015625 0.01015625 0.03125
34 0.65390625 0.20078125 0.0109375 0.03203125
46 0.678125 0.203125 0.01171875 0.0296875
1 0.70078125 0.20078125 0.0125 0.03515625
4 0.7265625 0.06875 0.01015625 0.034375
5 0.7484375 0.06796875 0.01328125 0.03359375
39 0.79375 0.11171875 0.0109375 0.03046875
52 0.8171875 0.10859375 0.00859375 0.03359375
49 0.809375 0.20078125 0.01171875 0.02890625
37 0.83203125 0.2015625 0.00703125 0.03125
12 0.7734375 0.29453125 0.01015625 0.0296875
48 0.79453125 0.29296875 0.01171875 0.028125