47 0.26015625 0.203125 0.01171875 0.0296875
12 0.28515625 0.203125 0.0109375 0.03359375
6 0.30859375 0.20078125 0.01171875 0.03359375
39 0.3328125 0.203125 0.01015625 0.03203125
9 0.62890625 0.20390625 0.01171875 0.0359375
33 0.653125 0.203125 0.01015625 0.03203125
45 0.67734375 0.20078125 0.01015625 0.03203125
31 0.60546875 0.5390625 0.009375 0.02890625
32 0.628125 0.5390625 0.00859375 0.03125
17 0.62734375 0.671875 0.01015625 0.03671875
51 0.65234375 0.675 0.01015625 0.0296875
9 0.678125 0.675 0.01171875 0.03515625
19 0.7015625 0.675 0.01015625 0.03125
44 0.72578125 0.675 0.00859375 0.0296875
37 0.66640625 0.80546875 0.0109375 0.03125
15 0.68828125 0.80546875 0.01171875 0.03125
28 0.771875 0.7640625 0.009375 0.02890625
36 0.79609375 0.76640625 0.009375 0.02421875