13 0.26015625 0.20546875 0.01015625 0.03515625
1 0.284375 0.2015625 0.00859375 0.03125
39 0.30859375 0.203125 0.01015625 0.03203125
13 0.1546875 0.671875 0.01015625 0.028125
15 0.1765625 0.67109375 0.0109375 0.03203125
29 0.1890625 0.7640625 0.01171875 0.034375
38 0.2140625 0.76640625 0.01015625 0.03046875
8 0.259375 0.67578125 0.00859375 0.03359375
21 0.284375 0.675 0.01015625 0.0296875
6 0.30859375 0.671875 0.0125 0.0296875
18 0.33359375 0.6734375 0.00859375 0.03203125
17 0.3578125 0.67421875 0.009375 0.03046875
49 0.4046875 0.765625 0.01171875 0.03125
51 0.42890625 0.7625 0.01015625 0.03046875