23 0.259375 0.20234375 0.00859375 0.03046875
30 0.2828125 0.203125 0.01015625 0.02890625
10 0.3078125 0.2046875 0.01015625 0.02578125
25 0.3328125 0.2015625 0.01015625 0.03125
25 0.628125 0.203125 0.01015625 0.03203125
47 0.6515625 0.2015625 0.009375 0.03125
20 0.67734375 0.203125 0.01015625 0.03203125
14 0.7015625 0.203125 0.01015625 0.03046875
33 0.725 0.20078125 0.01015625 0.03125
21 0.259375 0.671875 0.00859375 0.03515625
47 0.30859375 0.6734375 0.01015625 0.03046875
53 0.28515625 0.6734375 0.009375 0.03046875
46 0.33359375 0.6734375 0.0109375 0.03046875
9 0.35859375 0.675 0.0125 0.03125