16 0.259375 0.20546875 0.01015625 0.03515625
23 0.28515625 0.20390625 0.009375 0.0296875
34 0.309375 0.2015625 0.01015625 0.03046875
36 0.3328125 0.20546875 0.00859375 0.03125
49 0.62578125 0.20390625 0.01484375 0.03515625
10 0.653125 0.20546875 0.0078125 0.03515625
30 0.67734375 0.2015625 0.00859375 0.03125
6 0.26015625 0.6734375 0.01015625 0.04296875
30 0.28359375 0.671875 0.0078125 0.03125
12 0.30859375 0.67578125 0.0078125 0.03203125
19 0.3328125 0.671875 0.00859375 0.03828125
5 0.35546875 0.6734375 0.01015625 0.03046875