32 0.53828125 0.11171875 0.01015625 0.03359375
34 0.559375 0.109375 0.01171875 0.03203125
24 0.62734375 0.2015625 0.01015625 0.0359375
26 0.653125 0.203125 0.00703125 0.03046875
23 0.678125 0.20390625 0.00859375 0.03125
22 0.7015625 0.20390625 0.00859375 0.034375
31 0.72578125 0.20625 0.00859375 0.03125
3 0.809375 0.2015625 0.01015625 0.0296875
43 0.83125 0.2015625 0.00859375 0.03046875
21 0.665625 0.33515625 0.0125 0.03359375
37 0.68828125 0.334375 0.00859375 0.02890625
23 0.259375 0.67734375 0.0078125 0.03046875