12 0.26015625 0.20625 0.0078125 0.03515625
31 0.284375 0.2046875 0.009375 0.03828125
28 0.30859375 0.20625 0.00859375 0.03515625
11 0.3328125 0.2046875 0.009375 0.03203125
51 0.35625 0.20625 0.009375 0.03203125
52 0.4046875 0.29609375 0.0109375 0.03359375
37 0.428125 0.29375 0.0109375 0.03203125
44 0.190625 0.29375 0.009375 0.03515625
10 0.21328125 0.29375 0.01015625 0.03203125
36 0.628125 0.20234375 0.0078125 0.03671875
7 0.653125 0.2046875 0.00859375 0.03515625
48 0.6765625 0.203125 0.009375 0.03203125
49 0.440625 0.1984375 0.0109375 0.03203125
42 0.46328125 0.20078125 0.009375 0.03359375