36 0.44453125 0.2890625 0.06171875 0.02890625
36 0.2625 0.4078125 0.084375 0.02265625
14 0.38203125 0.43984375 0.07421875 0.028125
14 0.56640625 0.334375 0.06953125 0.02421875
18 0.690625 0.33203125 0.0234375 0.05078125
18 0.81171875 0.45625 0.01796875 0.04609375
3 0.73984375 0.26953125 0.025 0.0453125
3 0.85703125 0.39375 0.01875 0.040625
12 0.60703125 0.5984375 0.0203125 0.0484375
12 0.72265625 0.7203125 0.01953125 0.04296875
20 0.52734375 0.64296875 0.02109375 0.04765625
20 0.646875 0.77109375 0.01875 0.03828125