15 0.39921875 0.078125 0.0515625 0.04375
15 0.43984375 0.27265625 0.04296875 0.0453125
16 0.53125 0.0828125 0.0515625 0.040625
16 0.528125 0.27578125 0.04609375 0.040625
53 0.64375 0.4953125 0.05 0.03203125
53 0.4421875 0.53359375 0.05234375 0.02890625
43 0.678125 0.559375 0.04921875 0.03125
43 0.478125 0.5921875 0.05703125 0.02890625
22 0.5770238296875 0.7603215546875 0.5790727625 0.779874534375 0.6303085328125 0.776624440625 0.628865271875 0.7592906109374999 0.5770238296875 0.7603215546875
22 0.4037723 0.8848460921875001 0.405881428125 0.9028363875000001 0.465776765625 0.8979612484375 0.46289024218749997 0.878460690625 0.4037723 0.8848460921875001
42 0.639105628125 0.8036344375000001 0.6389681 0.8199590156250001 0.688038978125 0.8188756515625 0.687317346875 0.8026251859375 0.639105628125 0.8036344375000001
42 0.5228827265625 0.9189549859374999 0.46794165625 0.9196285359375 0.46866328749999997 0.9347956359375 0.52783699375 0.9315455437500001 0.5228827265625 0.9189549859374999