24 0.29921875 0.2046875 0.03125 0.04765625
24 0.42890625 0.37578125 0.03046875 0.0484375
19 0.19375 0.30390625 0.040625 0.05234375
19 0.39296875 0.4421875 0.03671875 0.05
50 0.70078125 0.43046875 0.04765625 0.02734375
7 0.80390625 0.42890625 0.04453125 0.0328125
7 0.76015625 0.58671875 0.05234375 0.03046875
50 0.65703125 0.5953125 0.0515625 0.03125
21 0.44765625 0.59609375 0.06328125 0.021875
21 0.26484375 0.75703125 0.07890625 0.0265625
9 0.5734375 0.65 0.05625 0.03046875
9 0.41640625 0.81640625 0.0765625 0.0296875