32 0.72109375 0.134375 0.06953125 0.034375
32 0.4875 0.2328125 0.084375 0.0359375
37 0.8203125 0.20625 0.075 0.0375
37 0.609375 0.3171875 0.0703125 0.03359375
51 0.71953125 0.43125 0.06796875 0.0265625
51 0.5140625 0.5640625 0.084375 0.02265625
5 0.8140625 0.48125 0.0578125 0.025
5 0.61953125 0.6171875 0.07265625 0.02578125
2 0.71953125 0.765625 0.07421875 0.02734375
2 0.496875 0.90078125 0.0703125 0.0265625
23 0.79375 0.82578125 0.07109375 0.0265625
23 0.59609375 0.96484375 0.06796875 0.01953125