11 0.21640625 0.328125 0.06875 0.034375
11 0.4375 0.26328125 0.059375 0.03203125
44 0.4859375 0.31484375 0.0515625 0.03046875
44 0.27890625 0.38671875 0.0609375 0.028125
10 0.61328125 0.30078125 0.0265625 0.04375
10 0.76015625 0.38359375 0.028125 0.04140625
34 0.58828125 0.3734375 0.03671875 0.040625
34 0.73828125 0.44453125 0.03125 0.0390625
29 0.48435686406249995 0.7189099062500001 0.46012270156249996 0.7312076046875 0.49501445625 0.7590503125 0.515132225 0.746308734375 0.48435686406249995 0.7189099062500001
29 0.6535306328125 0.7276358765625 0.6374105359375 0.7406458109375 0.6691588890625 0.76306155 0.6829898546875001 0.7533873890625 0.6535306328125 0.7276358765625
49 0.4811699421875 0.77765628125 0.479954571875 0.7792841875 0.46042349375 0.7901619046875 0.49248618750000006 0.8208360734375001 0.5056884734375 0.8123416875 0.4811699421875 0.77765628125
49 0.6356070171875 0.8042829140625001 0.65881243125 0.833341696875 0.6726433984375 0.8246113562499999 0.648753546875 0.7979484234374999 0.6356070171875 0.8042829140625001