35 0.44765625 0.15859375 0.05625 0.02109375
35 0.2828125 0.2625 0.07265625 0.02109375
31 0.54140625 0.2421875 0.06640625 0.025
31 0.35859375 0.3265625 0.06953125 0.02265625
13 0.54609375 0.49765625 0.0515625 0.03515625
13 0.503125 0.67421875 0.0671875 0.03515625
47 0.41953125 0.49453125 0.0609375 0.040625
47 0.35234375 0.6859375 0.06796875 0.0359375
52 0.790625 0.54375 0.03984375 0.04453125
52 0.93046875 0.63359375 0.02734375 0.04296875
17 0.73359375 0.60078125 0.03671875 0.046875
17 0.896875 0.6921875 0.028125 0.0296875