14 0.14765625 0.16875 0.08125 0.04921875
14 0.45078125 0.16640625 0.071875 0.046875
17 0.525 0.11171875 0.03671875 0.06171875
17 0.69453125 0.2828125 0.03359375 0.0546875
28 0.2125 0.32265625 0.03828125 0.0640625
28 0.36875 0.53359375 0.0328125 0.0609375
38 0.69140625 0.5484375 0.06015625 0.02421875
38 0.49765625 0.68046875 0.06953125 0.02421875
22 0.19375 0.71171875 0.034375 0.065625
22 0.3703125 0.8765625 0.02890625 0.05859375
30 0.4671875 0.84140625 0.05390625 0.046875
30 0.68671875 0.88828125 0.0390625 0.04921875