30 0.54765625 0.14453125 0.0390625 0.01875
30 0.4390625 0.20703125 0.040625 0.01875
26 0.6203125 0.196875 0.028125 0.01640625
26 0.528125 0.26640625 0.046875 0.01953125
6 0.56484375 0.32890625 0.034375 0.0140625
6 0.45625 0.4015625 0.034375 0.01328125
33 0.6078125 0.38984375 0.0328125 0.0171875
33 0.5015625 0.45390625 0.03515625 0.01328125
8 0.5578125 0.525 0.03515625 0.01484375
8 0.45859375 0.6109375 0.0375 0.0140625
14 0.51640625 0.63203125 0.03125 0.00859375
14 0.6125 0.553125 0.03125 0.01328125
0 0.565625 0.69609375 0.034375 0.01640625
0 0.459375 0.784375 0.0375 0.0140625
1 0.50625 0.81796875 0.0328125 0.0125
1 0.60703125 0.73046875 0.02890625 0.0109375