4 0.525 0.0953125 0.046875 0.05703125
4 0.56640625 0.29140625 0.04453125 0.04609375
25 0.58203125 0.0640625 0.03828125 0.0578125
25 0.64609375 0.2546875 0.03046875 0.05
39 0.68046875 0.67109375 0.04921875 0.0234375
39 0.52109375 0.7828125 0.05078125 0.02265625
46 0.7203125 0.70859375 0.0484375 0.021875
40 0.584375 0.83125 0.0625 0.021875
28 0.50546875 0.4453125 0.05703125 0.03515625
28 0.4359375 0.61640625 0.0625 0.040625
27 0.38203125 0.44296875 0.07265625 0.040625
27 0.32109375 0.6390625 0.06875 0.0453125