37 0.2109375 0.253125 0.04609375 0.05
43 0.246875 0.346875 0.04453125 0.05546875
21 0.2375 0.28984375 0.04453125 0.05390625
47 0.284375 0.3875 0.0375 0.06953125
25 0.30859375 0.4625 0.040625 0.0640625
17 0.303125 0.42109375 0.0390625 0.0640625
29 0.37109375 0.5 0.0359375 0.071875
13 0.39375 0.54609375 0.034375 0.071875
14 0.4078125 0.59921875 0.034375 0.07109375
5 0.4609375 0.6 0.03203125 0.08046875
9 0.4921875 0.6390625 0.03359375 0.078125
51 0.521875 0.6984375 0.034375 0.0859375
1 0.5625 0.74453125 0.03203125 0.0859375
33 0.6015625 0.7328125 0.02890625 0.084375
34 0.11953125 0.434375 0.0484375 0.05703125
2 0.1359375 0.48828125 0.05 0.0625
18 0.1796875 0.509375 0.04296875 0.07109375
26 0.2203125 0.52890625 0.040625 0.075
6 0.215625 0.59765625 0.04765625 0.0515625
48 0.2578125 0.66953125 0.05078125 0.06953125
22 0.3546875 0.7734375 0.04296875 0.06640625
10 0.4109375 0.809375 0.03828125 0.07890625
30 0.4296875 0.840625 0.03671875 0.08203125
38 0.50625 0.86953125 0.03046875 0.0890625
44 0.54453125 0.884375 0.034375 0.0890625
52 0.56953125 0.9359375 0.0375 0.09140625