42 0.1984375 0.628125 0.02421875 0.08359375
45 0.253125 0.5 0.025 0.078125
45 0.3625 0.7828125 0.02578125 0.0875
42 0.31015625 0.9234375 0.028125 0.096875
51 0.271875 0.15078125 0.01796875 0.06640625
51 0.375 0.38125 0.02109375 0.07734375
52 0.403125 0.32421875 0.01796875 0.07421875
53 0.5140625 0.08359375 0.0171875 0.06796875
53 0.6328125 0.2984375 0.02109375 0.07578125
50 0.48515625 0.16328125 0.02109375 0.07421875
50 0.60859375 0.3828125 0.021875 0.07421875
44 0.69453125 0.5375 0.025 0.08515625
44 0.853125 0.8078125 0.02578125 0.103125
43 0.68671875 0.65078125 0.0203125 0.08828125
43 0.83359375 0.9515625 0.0234375 0.096875
48 0.46796875 0.55859375 0.0171875 0.08359375
48 0.60234375 0.8421875 0.021875 0.096875
47 0.4234375 0.6546875 0.01875 0.08671875
47 0.56328125 0.9390625 0.02109375 0.103125
49 0.71171875 0.1078125 0.0171875 0.07109375
49 0.83125 0.34140625 0.0203125 0.08671875
46 0.678125 0.20546875 0.01796875 0.07109375
46 0.80859375 0.43515625 0.0203125 0.07734375