51 0.1578125 0.5203125 0.0296875 0.08046875
5 0.35078125 0.62890625 0.03203125 0.08203125
6 0.37265625 0.41640625 0.03359375 0.07109375
6 0.3625 0.7515625 0.0421875 0.08046875
7 0.49921875 0.5984375 0.0328125 0.08046875
7 0.52578125 0.959375 0.0421875 0.08125
4 0.5703125 0.96875 0.05234375 0.06171875
28 0.73125 0.584375 0.04765625 0.06640625
28 0.78828125 0.3046875 0.040625 0.05390625
31 0.5359375 0.3890625 0.04765625 0.03984375
31 0.70078125 0.2484375 0.0453125 0.04296875
29 0.446875 0.315625 0.0484375 0.0296875
29 0.5875 0.134375 0.05 0.028125
30 0.596875 0.08671875 0.0265625 0.05546875
30 0.759375 0.22734375 0.0265625 0.06953125