28 0.2609375 0.259375 0.02265625 0.08046875
28 0.3796875 0.51484375 0.0234375 0.09609375
26 0.3 0.1640625 0.01875 0.078125
26 0.4234375 0.40234375 0.02109375 0.0875
20 0.36875 0.06796875 0.02109375 0.08359375
20 0.48125 0.3 0.02421875 0.08359375
3 0.4828125 0.4234375 0.03203125 0.0890625
3 0.6515625 0.6453125 0.034375 0.0984375
34 0.61875 0.0453125 0.02578125 0.06796875
34 0.7703125 0.24765625 0.02578125 0.07890625
48 0.834375 0.2109375 0.0515625 0.046875
48 0.6578125 0.34609375 0.05546875 0.053125
33 0.89921875 0.3921875 0.05625 0.04609375
33 0.725 0.57421875 0.05859375 0.0484375