43 0.19296875 0.053125 0.0546875 0.0734375
51 0.2921875 0.29296875 0.04140625 0.0859375
51 0.4796875 0.39609375 0.04296875 0.08046875
43 0.153125 0.3625 0.05078125 0.071875
0 0.621875 0.13671875 0.0609375 0.06796875
0 0.80078125 0.040625 0.0453125 0.053125
36 0.7125 0.31328125 0.0375 0.084375
42 0.759375 0.334375 0.02890625 0.08359375
4 0.52421875 0.56796875 0.0546875 0.0640625
4 0.734375 0.5296875 0.05390625 0.0734375
50 0.7796875 0.45859375 0.05390625 0.0640625
46 0.51875 0.278125 0.04453125 0.05859375
24 0.021875 0.3953125 0.04375 0.059375