12 0.15078125 0.1765625 0.0296875 0.0890625
12 0.2296875 0.4828125 0.03125 0.1015625
30 0.559375 0.215625 0.053125 0.04296875
32 0.6046875 0.2578125 0.0234375 0.0875
32 0.75078125 0.40859375 0.0265625 0.09140625
6 0.6703125 0.10234375 0.02890625 0.090625
6 0.85234375 0.2703125 0.028125 0.090625
44 0.615625 0.61796875 0.02890625 0.10546875
44 0.840625 0.8703125 0.04296875 0.134375
25 0.3453125 0.5265625 0.02734375 0.10859375
25 0.4765625 0.87265625 0.0265625 0.1234375
38 0.2609375 0.69453125 0.059375 0.04453125
38 0.0359375 0.96328125 0.059375 0.0625