16 0.0828125 0.475 0.03828125 0.06953125
16 0.265625 0.45390625 0.04765625 0.071875
38 0.0765625 0.6390625 0.04609375 0.071875
29 0.38046875 0.95546875 0.05625 0.0359375
29 0.56015625 0.70390625 0.053125 0.0359375
49 0.45703125 0.615625 0.0328125 0.09140625
49 0.6515625 0.771875 0.040625 0.0984375
53 0.36875 0.51640625 0.046875 0.04140625
53 0.54921875 0.35625 0.053125 0.0484375
24 0.5875 0.20703125 0.03828125 0.078125
24 0.77265625 0.30390625 0.0421875 0.08359375
51 0.7875 0.03046875 0.04375 0.0609375
47 0.94765625 0.221875 0.0546875 0.06953125
43 0.8609375 0.4640625 0.0640625 0.071875
43 0.634375 0.5375 0.05 0.06953125