44 0.3265625 0.0546875 0.04140625 0.05703125
44 0.2609375 0.35234375 0.04453125 0.05390625
2 0.47578125 0.12890625 0.046875 0.053125
2 0.37578125 0.41640625 0.05 0.0609375
14 0.403125 0.44453125 0.03828125 0.08046875
14 0.4515625 0.8046875 0.03203125 0.09296875
20 0.3109375 0.58046875 0.03125 0.096875
20 0.390625 0.940625 0.03125 0.10390625
4 0.5453125 0.615625 0.0375 0.09140625
4 0.7671875 0.734375 0.04609375 0.10703125
5 0.5484375 0.778125 0.04453125 0.09296875
5 0.78203125 0.8546875 0.05 0.090625
23 0.6171875 0.496875 0.028125 0.1015625
23 0.5 0.221875 0.02421875 0.0875
25 0.5859375 0.1265625 0.01640625 0.0859375
25 0.69375 0.403125 0.02109375 0.084375
22 0.70234375 0.04375 0.0203125 0.06796875
22 0.8078125 0.31640625 0.025 0.08359375
45 0.8578125 0.209375 0.04453125 0.06796875
45 0.865625 0.540625 0.04921875 0.065625
10 0.9453125 0.56484375 0.0515625 0.07890625
10 0.7140625 0.50390625 0.0484375 0.08046875