23 0.58125 0.075 0.03125 0.0859375
23 0.6359375 0.346875 0.03046875 0.0890625
27 0.7984375 0.10546875 0.025 0.0859375
27 0.953125 0.32578125 0.02734375 0.09296875
8 0.74375 0.26171875 0.03046875 0.08203125
8 0.9234375 0.465625 0.034375 0.1015625
22 0.66640625 0.525 0.03125 0.08359375
22 0.8890625 0.65546875 0.0484375 0.096875
7 0.9 0.77421875 0.07109375 0.07109375
7 0.6625 0.89765625 0.065625 0.07890625
45 0.49375 0.4484375 0.034375 0.096875
45 0.565625 0.77265625 0.03046875 0.1265625
3 0.35546875 0.684375 0.03125 0.090625
3 0.496875 0.93203125 0.03125 0.10546875