45 0.303125 0.16484375 0.02109375 0.06796875
45 0.396875 0.40390625 0.01875 0.078125
42 0.440625 0.29609375 0.02421875 0.06953125
42 0.3390625 0.07421875 0.01875 0.07109375
51 0.15234375 0.51171875 0.021875 0.08203125
51 0.26640625 0.78125 0.021875 0.090625
52 0.1015625 0.63359375 0.02578125 0.08515625
52 0.22265625 0.92734375 0.025 0.0984375
53 0.321875 0.66875 0.0203125 0.09375
53 0.4515625 0.95390625 0.021875 0.0921875
50 0.35859375 0.54296875 0.02421875 0.08671875
50 0.4890625 0.8234375 0.02578125 0.103125
44 0.68203125 0.17890625 0.01640625 0.07109375
44 0.81484375 0.40703125 0.02421875 0.07734375
43 0.7015625 0.0984375 0.01484375 0.07109375
43 0.834375 0.3171875 0.02109375 0.08515625
48 0.490625 0.1765625 0.021875 0.07578125
48 0.61640625 0.40078125 0.0203125 0.07578125
47 0.5125 0.08515625 0.015625 0.06796875
49 0.60859375 0.62890625 0.025 0.09140625
49 0.7546875 0.91640625 0.028125 0.1015625
46 0.628125 0.53125 0.021875 0.08515625
46 0.77265625 0.8 0.02890625 0.096875