52 0.653125 0.1171875 0.03671875 0.10703125
48 0.865625 0.10234375 0.0484375 0.1015625
26 0.67890625 0.23828125 0.0515625 0.08203125
43 0.4875 0.28203125 0.021875 0.08359375
43 0.646875 0.4515625 0.02734375 0.09453125
33 0.259375 0.12578125 0.03203125 0.06796875
33 0.44375 0.196875 0.03359375 0.065625
9 0.23203125 0.26015625 0.0328125 0.084375
9 0.2921875 0.584375 0.03359375 0.1015625
29 0.38515625 0.42109375 0.0578125 0.053125
29 0.2484375 0.71953125 0.05390625 0.04453125
24 0.3328125 0.615625 0.03671875 0.1
49 0.35625 0.840625 0.04296875 0.05859375
49 0.5484375 0.65625 0.05078125 0.059375