38 0.365625 0.16875 0.04453125 0.02890625
38 0.209375 0.35 0.046875 0.028125
21 0.0984375 0.61015625 0.05390625 0.034375
21 0.2859375 0.42578125 0.0484375 0.0375
25 0.11953125 0.7515625 0.0234375 0.103125
17 0.309375 0.7015625 0.01875 0.0890625
5 0.43203125 0.26796875 0.015625 0.075
5 0.5640625 0.48515625 0.01796875 0.08203125
9 0.4125 0.36640625 0.015625 0.06953125
9 0.534375 0.61640625 0.015625 0.08359375
30 0.3765625 0.46953125 0.01953125 0.078125
30 0.503125 0.73203125 0.01796875 0.0859375
2 0.340625 0.5765625 0.02265625 0.08359375
2 0.465625 0.859375 0.02265625 0.09140625
10 0.5890625 0.5859375 0.02109375 0.0859375
22 0.63125 0.709375 0.0171875 0.0859375
48 0.7125 0.8859375 0.021875 0.09140625
13 0.753125 0.70234375 0.021875 0.0875
14 0.628125 0.3703125 0.01796875 0.0734375
14 0.77421875 0.60703125 0.021875 0.08046875
34 0.82265625 0.546875 0.0203125 0.08046875