30 0.33046875 0.10546875 0.0234375 0.075
30 0.4796875 0.29609375 0.025 0.078125
38 0.4890625 0.06328125 0.02109375 0.0734375
38 0.63125 0.2671875 0.02109375 0.08203125
10 0.67421875 0.15546875 0.028125 0.08046875
10 0.840625 0.34765625 0.03203125 0.084375
32 0.825 0.503125 0.02890625 0.09296875
32 0.6640625 0.26875 0.03046875 0.06796875
25 0.615625 0.37109375 0.02578125 0.0890625
25 0.78046875 0.60703125 0.03125 0.1
6 0.3328125 0.47734375 0.04296875 0.07109375
6 0.54375 0.50234375 0.04296875 0.07109375