18 0.8640625 0.53671875 0.09140625 0.05390625
46 0.6125 0.421875 0.06171875 0.040625
46 0.8234375 0.19296875 0.06640625 0.046875
35 0.9125 0.0625 0.04921875 0.06640625
35 0.696875 0.02734375 0.04296875 0.05390625
2 0.59375 0.06328125 0.04296875 0.040625
2 0.4515625 0.2546875 0.05234375 0.04296875
14 0.20625 0.12890625 0.01953125 0.053125
14 0.3296875 0.3109375 0.01953125 0.05859375
36 0.1078125 0.5609375 0.02265625 0.103125
36 0.271875 0.76484375 0.02890625 0.12109375
15 0.1859375 0.7796875 0.06171875 0.059375
42 0.41875 0.546875 0.02109375 0.08046875
42 0.55625 0.63671875 0.02734375 0.10390625