15 0.35859375 0.26875 0.03125 0.0734375
45 0.409375 0.2203125 0.04296875 0.065625
17 0.16953125 0.421875 0.03125 0.0875
17 0.3609375 0.57421875 0.0375 0.090625
15 0.4078125 0.421875 0.02578125 0.0984375
15 0.57421875 0.6390625 0.028125 0.10859375
7 0.434375 0.3125 0.0296875 0.0890625
7 0.6015625 0.50234375 0.03203125 0.1015625
14 0.52265625 0.1796875 0.03125 0.0734375
2 0.6890625 0.15625 0.03046875 0.084375
14 0.7078125 0.303125 0.03359375 0.08046875
35 0.746875 0.19609375 0.0515625 0.05
35 0.6625 0.47265625 0.05390625 0.05390625
18 0.8890625 0.40859375 0.05078125 0.05546875
18 0.7921875 0.70859375 0.06328125 0.05859375