4 0.353125 0.03984375 0.04453125 0.0375
4 0.25 0.26640625 0.05 0.04453125
42 0.4265625 0.03671875 0.01875 0.07109375
42 0.553125 0.228125 0.01640625 0.075
35 0.5890625 0.21875 0.02734375 0.06796875
35 0.6359375 0.51171875 0.03359375 0.0734375
46 0.6625 0.140625 0.02734375 0.07109375
7 0.69921875 0.1125 0.0234375 0.071875
7 0.853125 0.2890625 0.02734375 0.075
46 0.7296875 0.4125 0.02890625 0.071875
49 0.803125 0.446875 0.05078125 0.02890625
49 0.6546875 0.64765625 0.0546875 0.03203125
32 0.81796875 0.7296875 0.0515625 0.04609375
20 0.48984375 0.33203125 0.028125 0.075
20 0.5640625 0.62421875 0.03125 0.08203125
36 0.390625 0.59453125 0.02421875 0.0859375
36 0.50078125 0.9015625 0.025 0.09453125
24 0.58671875 0.84453125 0.05 0.071875
12 0.13828125 0.64921875 0.0203125 0.0875
12 0.271875 0.91484375 0.01796875 0.09609375
45 0.1921875 0.5203125 0.01796875 0.084375
45 0.3234375 0.76875 0.01875 0.09609375
8 0.3015625 0.525 0.04921875 0.05546875
8 0.4984375 0.4515625 0.04765625 0.046875
31 0.45859375 0.10078125 0.046875 0.03203125