48 0.38125 0.16953125 0.05234375 0.0359375
48 0.2171875 0.3796875 0.05546875 0.0375
33 0.5 0.6421875 0.04453125 0.09609375
33 0.721875 0.7390625 0.04140625 0.0859375
4 0.7109375 0.5984375 0.04453125 0.078125
4 0.49765625 0.5125 0.040625 0.09140625
16 0.4859375 0.38671875 0.0359375 0.07890625
16 0.6921875 0.4796875 0.0421875 0.0875
36 0.67578125 0.353125 0.040625 0.07890625
36 0.4734375 0.28828125 0.03515625 0.0734375
20 0.6828125 0.275 0.040625 0.075
14 0.5 0.071875 0.0296875 0.065625
14 0.6828125 0.190625 0.03359375 0.06953125