8 0.075 0.409375 0.0328125 0.08359375
21 0.1 0.46953125 0.0515625 0.05859375
7 0.071875 0.109375 0.02421875 0.071875
7 0.2421875 0.25234375 0.0265625 0.08203125
52 0.3328125 0.74765625 0.053125 0.0515625
52 0.471875 0.45 0.0515625 0.04140625
24 0.3046875 0.3125 0.03046875 0.08359375
53 0.37109375 0.25390625 0.0390625 0.071875
49 0.3890625 0.29453125 0.040625 0.071875
6 0.6140625 0.03359375 0.03828125 0.06640625
6 0.6546875 0.32734375 0.02734375 0.0734375
48 0.7359375 0.240625 0.05234375 0.05
48 0.55 0.384375 0.05546875 0.04140625
33 0.6671875 0.496875 0.053125 0.04453125
26 0.64609375 0.77734375 0.046875 0.09296875
43 0.60625 0.578125 0.05390625 0.0640625
29 0.803125 0.72578125 0.03515625 0.0984375
3 0.79375 0.403125 0.028125 0.09296875
3 0.9734375 0.66953125 0.03359375 0.103125
34 0.821875 0.2640625 0.02421875 0.08359375
27 0.70546875 0.034375 0.0453125 0.06875
27 0.909375 0.059375 0.05078125 0.06640625
28 0.97109375 0.8234375 0.0578125 0.053125
38 0.178125 0.759375 0.0328125 0.09453125
38 0.3671875 0.95078125 0.03203125 0.0984375
34 0.98828125 0.51484375 0.0234375 0.0890625