0 0.2546875 0.06484375 0.0390625 0.07109375
18 0.4015625 0.2109375 0.0265625 0.078125
39 0.440625 0.3 0.05 0.05
42 0.36875 0.3265625 0.05234375 0.05546875
39 0.3421875 0.6109375 0.05625 0.0609375
31 0.3609375 0.70390625 0.05078125 0.0640625
31 0.575 0.5828125 0.05234375 0.0625
37 0.4859375 0.61171875 0.046875 0.0734375
51 0.5328125 0.39453125 0.02890625 0.09453125
13 0.684375 0.38515625 0.0453125 0.0484375
30 0.565625 0.303125 0.05703125 0.03203125
46 0.6359375 0.01796875 0.05390625 0.0359375
11 0.78203125 0.2609375 0.025 0.0859375
36 0.8859375 0.21171875 0.03203125 0.0875
35 0.9546875 0.253125 0.0546875 0.0515625
12 0.85546875 0.59375 0.0625 0.059375
35 0.8578125 0.53515625 0.05703125 0.04609375
19 0.7609375 0.71875 0.04453125 0.09609375
16 0.325 0.76171875 0.06484375 0.0515625
1 0.1421875 0.3015625 0.02265625 0.0859375
1 0.28125 0.54921875 0.025 0.090625
15 0.071875 0.32734375 0.02734375 0.0875