5 0.04453125 0.30390625 0.028125 0.06953125
5 0.19375 0.33359375 0.03203125 0.075
45 0.3046875 0.18984375 0.025 0.08203125
45 0.4234375 0.43359375 0.021875 0.08359375
22 0.52109375 0.396875 0.05 0.0640625
22 0.61875 0.06015625 0.0453125 0.07109375
10 0.734375 0.1265625 0.05546875 0.0640625
25 0.79375 0.25078125 0.0546875 0.09296875
25 0.74296875 0.6875 0.0546875 0.09453125
44 0.646875 0.6140625 0.02578125 0.1
23 0.45859375 0.5328125 0.0484375 0.04296875
23 0.2921875 0.78984375 0.0421875 0.040625
4 0.18125 0.7859375 0.03359375 0.096875
4 0.0421875 0.6859375 0.021875 0.0859375
34 0.040625 0.56171875 0.025 0.0625
34 0.2046875 0.5703125 0.0359375 0.0734375