31 0.11796875 0.059375 0.025 0.084375
31 0.20625 0.3109375 0.02265625 0.0859375
37 0.3328125 0.06015625 0.01953125 0.0734375
37 0.43125 0.29765625 0.021875 0.090625
13 0.4421875 0.39765625 0.0328125 0.08203125
13 0.640625 0.509375 0.0375 0.08359375
48 0.5703125 0.16953125 0.02890625 0.075
9 0.66328125 0.07265625 0.0296875 0.07109375
9 0.7484375 0.3515625 0.02734375 0.0890625
5 0.81953125 0.3546875 0.0609375 0.0625
39 0.4234375 0.521875 0.03203125 0.0890625
52 0.221875 0.4234375 0.0265625 0.08046875
52 0.3703125 0.6578125 0.02421875 0.09609375