37 0.21875 0.09609375 0.025 0.06953125
37 0.275 0.3625 0.02421875 0.071875
21 0.3109375 0.3640625 0.0296875 0.06953125
43 0.34765625 0.371875 0.03125 0.06796875
47 0.38125 0.3734375 0.02109375 0.075
17 0.409375 0.378125 0.01796875 0.0765625
25 0.4421875 0.3875 0.01796875 0.08046875
29 0.4828125 0.3796875 0.01796875 0.0765625
13 0.50625 0.39765625 0.015625 0.07109375
14 0.534375 0.41875 0.01796875 0.0734375
5 0.6 0.3890625 0.015625 0.08046875
9 0.63046875 0.43203125 0.0171875 0.08359375
51 0.6578125 0.44765625 0.0171875 0.08203125
1 0.684375 0.45859375 0.02109375 0.075
33 0.72109375 0.45625 0.0171875 0.07890625
34 0.103125 0.521875 0.034375 0.07890625
34 0.13203125 0.8703125 0.034375 0.09296875
2 0.18671875 0.865625 0.040625 0.09140625
2 0.2359375 0.8375 0.02421875 0.09140625
26 0.28046875 0.80546875 0.0265625 0.09140625
6 0.3140625 0.878125 0.03125 0.090625
48 0.37109375 0.88515625 0.03125 0.0875
22 0.428125 0.88125 0.03046875 0.0875
10 0.4859375 0.8828125 0.025 0.084375
30 0.5125 0.9 0.021875 0.0890625
38 0.58984375 0.87890625 0.021875 0.09453125
44 0.6296875 0.865625 0.02109375 0.09140625
52 0.67265625 0.87265625 0.0234375 0.090625