50 0.0828125 0.221875 0.0265625 0.0859375
50 0.1875 0.453125 0.02109375 0.0859375
24 0.22890625 0.4609375 0.0234375 0.08359375
28 0.2640625 0.478125 0.02421875 0.08359375
16 0.3171875 0.47734375 0.02109375 0.08203125
36 0.37109375 0.4640625 0.025 0.0859375
12 0.39375 0.48046875 0.025 0.08359375
42 0.425 0.528125 0.0296875 0.090625
8 0.459375 0.51328125 0.02578125 0.0875
20 0.5421875 0.5046875 0.025 0.084375
32 0.58359375 0.5 0.021875 0.0859375
4 0.640625 0.509375 0.021875 0.09453125
0 0.6734375 0.4859375 0.02734375 0.0859375
53 0.5734375 0.6265625 0.02734375 0.08046875
15 0.60625 0.6203125 0.028125 0.084375
7 0.634375 0.603125 0.02265625 0.0859375
7 0.6578125 0.61796875 0.02578125 0.096875
45 0.69375 0.5890625 0.025 0.0859375
19 0.20234375 0.665625 0.0296875 0.09140625
31 0.2328125 0.6671875 0.02578125 0.09296875
35 0.2609375 0.665625 0.02734375 0.0875
3 0.296875 0.6703125 0.03046875 0.09609375
3 0.32890625 0.665625 0.0296875 0.09296875
27 0.36328125 0.65 0.028125 0.096875
23 0.3984375 0.65390625 0.02109375 0.1109375
15 0.16796875 0.66484375 0.03125 0.08203125