5 0.8859375 0.08984375 0.05390625 0.05390625
10 0.82109375 0.13203125 0.0515625 0.05
20 0.81171875 0.21796875 0.0609375 0.04453125
39 0.6171875 0.33984375 0.05234375 0.0375
4 0.46640625 0.0625 0.0453125 0.046875
50 0.5859375 0.14921875 0.03515625 0.0765625
4 0.36015625 0.30859375 0.05 0.053125
37 0.534375 0.41484375 0.0484375 0.04296875
37 0.3546875 0.584375 0.05078125 0.0484375
31 0.60234375 0.43125 0.046875 0.0734375
31 0.5578125 0.7875 0.05390625 0.08046875
0 0.64375 0.759375 0.0625 0.084375
0 0.878125 0.66953125 0.06484375 0.08046875