42 0.26640625 0.17578125 0.0171875 0.0734375
42 0.3796875 0.39609375 0.0171875 0.078125
45 0.303125 0.08046875 0.01953125 0.06953125
45 0.4078125 0.30546875 0.02265625 0.075
51 0.14921875 0.6421875 0.02421875 0.08671875
51 0.259375 0.94296875 0.028125 0.0953125
52 0.19140625 0.54453125 0.0234375 0.07421875
52 0.29921875 0.8359375 0.0203125 0.08828125
53 0.40703125 0.54453125 0.0234375 0.07734375
53 0.54296875 0.8109375 0.0265625 0.09375
50 0.37265625 0.6484375 0.021875 0.08984375
50 0.5125 0.925 0.02578125 0.103125
44 0.71015625 0.0640625 0.01640625 0.06953125
44 0.83828125 0.28125 0.021875 0.08046875
43 0.684375 0.15625 0.02421875 0.07734375
43 0.82578125 0.37421875 0.025 0.08203125
48 0.503125 0.05546875 0.01875 0.07421875
48 0.61640625 0.2765625 0.02578125 0.07734375
47 0.4765625 0.1296875 0.02109375 0.06796875
47 0.58828125 0.3546875 0.01875 0.07734375
49 0.6625 0.52578125 0.0203125 0.08203125
49 0.80703125 0.8015625 0.025 0.103125
46 0.63046875 0.6453125 0.02578125 0.09296875
46 0.7890625 0.921875 0.0296875 0.103125