13 0.3359375 0.11796875 0.053125 0.046875
13 0.2015625 0.36484375 0.0578125 0.040625
19 0.14140625 0.465625 0.0265625 0.09140625
19 0.2859375 0.60078125 0.02578125 0.090625
12 0.4 0.6796875 0.0546875 0.0515625
12 0.2171875 0.946875 0.0546875 0.04140625
6 0.378125 0.5203125 0.02109375 0.0875
6 0.51640625 0.6984375 0.028125 0.1
38 0.45546875 0.27734375 0.021875 0.06796875
38 0.6 0.45390625 0.03203125 0.08359375
53 0.8140625 0.065625 0.06328125 0.07109375
53 0.6515625 0.3671875 0.05625 0.0484375
47 0.9296875 0.4375 0.07421875 0.071875
47 0.77578125 0.86640625 0.078125 0.06953125
51 0.4765625 0.165625 0.04765625 0.0609375