37 0.1015625 0.315625 0.02890625 0.071875
37 0.15546875 0.61015625 0.034375 0.07890625
21 0.184375 0.64453125 0.0296875 0.08359375
43 0.225 0.68359375 0.03203125 0.08359375
47 0.2640625 0.6890625 0.02578125 0.0890625
17 0.2984375 0.68125 0.021875 0.0875
25 0.325 0.69921875 0.02109375 0.0875
29 0.384375 0.67421875 0.01640625 0.084375
13 0.41796875 0.6984375 0.0203125 0.0859375
14 0.453125 0.6953125 0.02578125 0.084375
5 0.49296875 0.665625 0.021875 0.0859375
9 0.53125 0.6703125 0.01953125 0.084375
51 0.57421875 0.69375 0.0234375 0.090625
1 0.628125 0.70078125 0.03046875 0.0875
33 0.65 0.65703125 0.01875 0.09453125
38 0.6296875 0.83515625 0.02890625 0.090625
44 0.6640625 0.81015625 0.02109375 0.0984375
52 0.70078125 0.82421875 0.0265625 0.09296875
10 0.5296875 0.88671875 0.0234375 0.09296875
30 0.56015625 0.89140625 0.021875 0.09140625
22 0.4734375 0.921875 0.02265625 0.0984375
48 0.35078125 0.90078125 0.0359375 0.0984375
6 0.28828125 0.89609375 0.0375 0.0859375
26 0.253125 0.82734375 0.02734375 0.0984375
18 0.2109375 0.8546875 0.02890625 0.090625
2 0.15625 0.884375 0.04296875 0.096875
34 0.1 0.88984375 0.03828125 0.090625