12 0.23125 0.340625 0.02421875 0.08359375
12 0.37578125 0.56640625 0.028125 0.1
44 0.421875 0.1046875 0.02265625 0.0734375
44 0.5453125 0.34140625 0.02421875 0.0859375
29 0.6046875 0.23125 0.0515625 0.02890625
29 0.44609375 0.43359375 0.0546875 0.028125
47 0.6125 0.4828125 0.05390625 0.05703125
47 0.803125 0.37265625 0.05546875 0.065625
16 0.8515625 0.4546875 0.05703125 0.059375
16 0.66015625 0.58125 0.05625 0.05703125
53 0.6171875 0.09296875 0.0515625 0.05
53 0.8 0.0234375 0.0578125 0.04140625
49 0.865625 0.14609375 0.05546875 0.05
49 0.68046875 0.2375 0.05 0.04453125